================================================================================
Configuration:
  TASK          : acq
  TRAIT         : O
  MODEL         : SBF_nlfc_IBF_nlfc_d_reg
  BATCH SIZE    : 32
  EPOCH         : 10
  LEARNING RATE : 1e-04, step=0.1/10

epoch   fold   time  | train_l  test_l |    acc     r2 |    acc  b_acc      p      r     f1    auc
fold 0 - train_num=6972, test_num=2094
[01/10] fold 0 101.7s |  0.0019  0.0072 | 0.9254 0.9928 | 0.4207 0.5000 0.2104 0.5000 0.2961 0.5000
[02/10] fold 0 95.8s |  0.0008  0.0115 | 0.9021 0.9885 | 0.4207 0.5000 0.2104 0.5000 0.2961 0.5000
[03/10] fold 0 83.0s |  0.0012  0.0097 | 0.9110 0.9903 | 0.4207 0.5000 0.2104 0.5000 0.2961 0.5000
[04/10] fold 0 81.8s |  0.0008  0.0108 | 0.9072 0.9892 | 0.4207 0.5000 0.2104 0.5000 0.2961 0.5000
[05/10] fold 0 77.7s |  0.0004  0.0098 | 0.9124 0.9902 | 0.4207 0.5000 0.2104 0.5000 0.2961 0.5000
[06/10] fold 0 71.2s |  0.0007  0.0125 | 0.8981 0.9876 | 0.4207 0.5000 0.2104 0.5000 0.2961 0.5000
[07/10] fold 0 67.6s |  0.0003  0.0127 | 0.8972 0.9873 | 0.4207 0.5000 0.2104 0.5000 0.2961 0.5000
[08/10] fold 0 64.4s |  0.0007  0.0097 | 0.9128 0.9903 | 0.4207 0.5000 0.2104 0.5000 0.2961 0.5000
[09/10] fold 0 59.2s |  0.0007  0.0166 | 0.8826 0.9834 | 0.4207 0.5000 0.2104 0.5000 0.2961 0.5000
[10/10] fold 0 58.8s |  0.0008  0.0095 | 0.9164 0.9905 | 0.4207 0.5000 0.2104 0.5000 0.2961 0.5000
fold 1 - train_num=7086, test_num=1980
[01/10] fold 1 59.4s |  0.0025  0.0042 | 0.9468 0.9958 | 0.6177 0.5070 0.7366 0.5070 0.3963 0.5070
[02/10] fold 1 54.6s |  0.0007  0.0057 | 0.9303 0.9943 | 0.6126 0.5000 0.3063 0.5000 0.3799 0.5000
[03/10] fold 1 54.6s |  0.0007  0.0052 | 0.9363 0.9948 | 0.6126 0.5000 0.3063 0.5000 0.3799 0.5000
[04/10] fold 1 55.6s |  0.0011  0.0048 | 0.9425 0.9952 | 0.6126 0.5000 0.3063 0.5000 0.3799 0.5000
[05/10] fold 1 52.2s |  0.0005  0.0043 | 0.9455 0.9957 | 0.6126 0.5000 0.3063 0.5000 0.3799 0.5000
[06/10] fold 1 50.9s |  0.0003  0.0047 | 0.9424 0.9953 | 0.6126 0.5000 0.3063 0.5000 0.3799 0.5000
[07/10] fold 1 50.9s |  0.0019  0.0048 | 0.9409 0.9952 | 0.6232 0.5190 0.6417 0.5190 0.4324 0.5190
[08/10] fold 1 50.5s |  0.0010  0.0042 | 0.9465 0.9958 | 0.6126 0.5000 0.3063 0.5000 0.3799 0.5000
[09/10] fold 1 51.2s |  0.0006  0.0051 | 0.9387 0.9949 | 0.6126 0.5000 0.3063 0.5000 0.3799 0.5000
[10/10] fold 1 50.8s |  0.0002  0.0043 | 0.9453 0.9957 | 0.6126 0.5000 0.3063 0.5000 0.3799 0.5000
fold 2 - train_num=7516, test_num=1550
[01/10] fold 2 52.7s |  0.0022  0.0067 | 0.9261 0.9933 | 0.4955 0.5000 0.2477 0.5000 0.3313 0.5000
[02/10] fold 2 53.1s |  0.0011  0.0062 | 0.9246 0.9938 | 0.4510 0.4551 0.2360 0.4551 0.3108 0.4551
[03/10] fold 2 51.2s |  0.0010  0.0068 | 0.9233 0.9932 | 0.4942 0.4987 0.2474 0.4987 0.3307 0.4987
[04/10] fold 2 51.5s |  0.0005  0.0067 | 0.9217 0.9933 | 0.3561 0.3594 0.2069 0.3594 0.2626 0.3594
[05/10] fold 2 51.0s |  0.0006  0.0077 | 0.9207 0.9923 | 0.4955 0.5000 0.2477 0.5000 0.3313 0.5000
[06/10] fold 2 52.7s |  0.0007  0.0065 | 0.9240 0.9935 | 0.4890 0.4935 0.2461 0.4935 0.3284 0.4935
[07/10] fold 2 51.0s |  0.0006  0.0071 | 0.9224 0.9929 | 0.4923 0.4967 0.2469 0.4967 0.3299 0.4967
[08/10] fold 2 50.4s |  0.0007  0.0063 | 0.9238 0.9937 | 0.3413 0.3444 0.2018 0.3444 0.2544 0.3444
[09/10] fold 2 49.7s |  0.0005  0.0081 | 0.9204 0.9919 | 0.4955 0.5000 0.2477 0.5000 0.3313 0.5000
[10/10] fold 2 50.5s |  0.0004  0.0088 | 0.9201 0.9912 | 0.4955 0.5000 0.2477 0.5000 0.3313 0.5000
fold 3 - train_num=7668, test_num=1398
[01/10] fold 3 54.5s |  0.0009  0.0024 | 0.9567 0.9976 | 1.0000 1.0000 1.0000 1.0000 1.0000 nan
[02/10] fold 3 54.2s |  0.0006  0.0032 | 0.9510 0.9968 | 1.0000 1.0000 1.0000 1.0000 1.0000 nan
[03/10] fold 3 50.5s |  0.0004  0.0046 | 0.9458 0.9954 | 1.0000 1.0000 1.0000 1.0000 1.0000 nan
[04/10] fold 3 48.7s |  0.0006  0.0031 | 0.9499 0.9969 | 1.0000 1.0000 1.0000 1.0000 1.0000 nan
[05/10] fold 3 48.1s |  0.0008  0.0040 | 0.9489 0.9960 | 1.0000 1.0000 1.0000 1.0000 1.0000 nan
[06/10] fold 3 49.2s |  0.0005  0.0036 | 0.9498 0.9964 | 1.0000 1.0000 1.0000 1.0000 1.0000 nan
[07/10] fold 3 49.3s |  0.0004  0.0038 | 0.9486 0.9962 | 1.0000 1.0000 1.0000 1.0000 1.0000 nan
[08/10] fold 3 48.7s |  0.0007  0.0029 | 0.9544 0.9971 | 1.0000 1.0000 1.0000 1.0000 1.0000 nan
[09/10] fold 3 49.5s |  0.0009  0.0033 | 0.9491 0.9967 | 1.0000 1.0000 1.0000 1.0000 1.0000 nan
[10/10] fold 3 49.2s |  0.0012  0.0035 | 0.9498 0.9965 | 1.0000 1.0000 1.0000 1.0000 1.0000 nan
fold 4 - train_num=8148, test_num=918
[01/10] fold 4 50.0s |  0.0012  0.0225 | 0.8627 0.9775 | 0.4139 0.4139 0.5000 0.2070 0.2928 nan
[02/10] fold 4 50.4s |  0.0009  0.0122 | 0.8999 0.9878 | 1.0000 1.0000 1.0000 1.0000 1.0000 nan
[03/10] fold 4 51.6s |  0.0004  0.0143 | 0.8907 0.9857 | 0.9989 0.9989 0.5000 0.4995 0.4997 nan
[04/10] fold 4 53.3s |  0.0004  0.0153 | 0.8871 0.9847 | 0.9978 0.9978 0.5000 0.4989 0.4995 nan
[05/10] fold 4 52.3s |  0.0004  0.0124 | 0.8984 0.9876 | 1.0000 1.0000 1.0000 1.0000 1.0000 nan
[06/10] fold 4 51.8s |  0.0004  0.0113 | 0.9020 0.9887 | 1.0000 1.0000 1.0000 1.0000 1.0000 nan
[07/10] fold 4 52.6s |  0.0003  0.0128 | 0.8963 0.9872 | 1.0000 1.0000 1.0000 1.0000 1.0000 nan
[08/10] fold 4 53.6s |  0.0004  0.0104 | 0.9064 0.9897 | 1.0000 1.0000 1.0000 1.0000 1.0000 nan
[09/10] fold 4 57.0s |  0.0005  0.0095 | 0.9076 0.9905 | 1.0000 1.0000 1.0000 1.0000 1.0000 nan
[10/10] fold 4 53.0s |  0.0006  0.0128 | 0.8972 0.9872 | 1.0000 1.0000 1.0000 1.0000 1.0000 nan
fold 5 - train_num=7940, test_num=1126
[01/10] fold 5 54.8s |  0.0003  0.0073 | 0.9317 0.9927 | 0.5515 0.4474 0.2949 0.4474 0.3555 0.4474
[02/10] fold 5 54.4s |  0.0027  0.0095 | 0.9250 0.9904 | 0.6163 0.5000 0.3082 0.5000 0.3813 0.5000
[03/10] fold 5 54.5s |  0.0013  0.0068 | 0.9336 0.9931 | 0.5817 0.4719 0.3013 0.4719 0.3678 0.4719
[04/10] fold 5 53.5s |  0.0046  0.0104 | 0.9205 0.9897 | 0.6163 0.5000 0.3082 0.5000 0.3813 0.5000
[05/10] fold 5 52.6s |  0.0003  0.0073 | 0.9296 0.9928 | 0.4769 0.3869 0.2771 0.3869 0.3229 0.3869
[06/10] fold 5 52.9s |  0.0003  0.0078 | 0.9290 0.9921 | 0.6163 0.5000 0.3082 0.5000 0.3813 0.5000
[07/10] fold 5 53.4s |  0.0001  0.0055 | 0.9372 0.9944 | 0.4636 0.3761 0.2736 0.3761 0.3167 0.3761
[08/10] fold 5 52.4s |  0.0001  0.0059 | 0.9305 0.9941 | 0.2034 0.1650 0.1732 0.1650 0.1690 0.1650
[09/10] fold 5 52.1s |  0.0002  0.0077 | 0.9304 0.9923 | 0.6163 0.5000 0.3082 0.5000 0.3813 0.5000
[10/10] fold 5 52.5s |  0.0009  0.0084 | 0.9287 0.9915 | 0.6163 0.5000 0.3082 0.5000 0.3813 0.5000
                                   avg | 0.9262 0.9921 | 0.6909 0.6667 0.5121 0.6667 0.5648 nan
================================================================================
Configuration:
  TASK          : acq
  TRAIT         : C
  MODEL         : SBF_nlfc_IBF_nlfc_d_reg
  BATCH SIZE    : 32
  EPOCH         : 10
  LEARNING RATE : 1e-04, step=0.1/10

epoch   fold   time  | train_l  test_l |    acc     r2 |    acc  b_acc      p      r     f1    auc
fold 0 - train_num=6972, test_num=2094
[01/10] fold 0 55.4s |  0.0016  0.0018 | 0.9666 0.9982 | 1.0000 1.0000 1.0000 1.0000 1.0000 nan
[02/10] fold 0 52.5s |  0.0015  0.0009 | 0.9800 0.9991 | 1.0000 1.0000 1.0000 1.0000 1.0000 nan
[03/10] fold 0 51.9s |  0.0011  0.0013 | 0.9721 0.9987 | 1.0000 1.0000 1.0000 1.0000 1.0000 nan
[04/10] fold 0 51.7s |  0.0006  0.0011 | 0.9793 0.9989 | 1.0000 1.0000 1.0000 1.0000 1.0000 nan
[05/10] fold 0 52.5s |  0.0013  0.0014 | 0.9706 0.9986 | 1.0000 1.0000 1.0000 1.0000 1.0000 nan
[06/10] fold 0 51.7s |  0.0009  0.0016 | 0.9691 0.9984 | 1.0000 1.0000 1.0000 1.0000 1.0000 nan
[07/10] fold 0 51.4s |  0.0006  0.0022 | 0.9585 0.9978 | 1.0000 1.0000 1.0000 1.0000 1.0000 nan
[08/10] fold 0 51.6s |  0.0003  0.0029 | 0.9520 0.9971 | 1.0000 1.0000 1.0000 1.0000 1.0000 nan
[09/10] fold 0 52.0s |  0.0012  0.0030 | 0.9486 0.9970 | 1.0000 1.0000 1.0000 1.0000 1.0000 nan
[10/10] fold 0 50.7s |  0.0006  0.0012 | 0.9719 0.9988 | 1.0000 1.0000 1.0000 1.0000 1.0000 nan
fold 1 - train_num=7086, test_num=1980
[01/10] fold 1 52.5s |  0.0033  0.0076 | 0.9346 0.9924 | 1.0000 1.0000 1.0000 1.0000 1.0000 nan
[02/10] fold 1 53.0s |  0.0018  0.0060 | 0.9455 0.9940 | 1.0000 1.0000 1.0000 1.0000 1.0000 nan
[03/10] fold 1 51.4s |  0.0007  0.0095 | 0.9254 0.9905 | 1.0000 1.0000 1.0000 1.0000 1.0000 nan
[04/10] fold 1 49.7s |  0.0009  0.0078 | 0.9359 0.9922 | 1.0000 1.0000 1.0000 1.0000 1.0000 nan
[05/10] fold 1 49.6s |  0.0007  0.0062 | 0.9431 0.9938 | 1.0000 1.0000 1.0000 1.0000 1.0000 nan
[06/10] fold 1 50.1s |  0.0042  0.0056 | 0.9475 0.9944 | 1.0000 1.0000 1.0000 1.0000 1.0000 nan
[07/10] fold 1 48.5s |  0.0009  0.0101 | 0.9193 0.9899 | 1.0000 1.0000 1.0000 1.0000 1.0000 nan
[08/10] fold 1 50.4s |  0.0036  0.0073 | 0.9332 0.9927 | 1.0000 1.0000 1.0000 1.0000 1.0000 nan
[09/10] fold 1 49.7s |  0.0006  0.0079 | 0.9319 0.9921 | 1.0000 1.0000 1.0000 1.0000 1.0000 nan
[10/10] fold 1 48.2s |  0.0006  0.0054 | 0.9472 0.9946 | 1.0000 1.0000 1.0000 1.0000 1.0000 nan
fold 2 - train_num=7516, test_num=1550
[01/10] fold 2 48.6s |  0.0015  0.0210 | 0.9018 0.9789 | 1.0000 1.0000 1.0000 1.0000 1.0000 nan
[02/10] fold 2 48.4s |  0.0011  0.0189 | 0.9120 0.9811 | 1.0000 1.0000 1.0000 1.0000 1.0000 nan
[03/10] fold 2 48.1s |  0.0009  0.0203 | 0.9111 0.9799 | 1.0000 1.0000 1.0000 1.0000 1.0000 nan
[04/10] fold 2 48.1s |  0.0008  0.0210 | 0.9090 0.9791 | 1.0000 1.0000 1.0000 1.0000 1.0000 nan
[05/10] fold 2 48.6s |  0.0008  0.0225 | 0.9011 0.9776 | 1.0000 1.0000 1.0000 1.0000 1.0000 nan
[06/10] fold 2 48.2s |  0.0008  0.0194 | 0.9087 0.9806 | 1.0000 1.0000 1.0000 1.0000 1.0000 nan
[07/10] fold 2 48.3s |  0.0009  0.0224 | 0.8951 0.9777 | 1.0000 1.0000 1.0000 1.0000 1.0000 nan
[08/10] fold 2 48.3s |  0.0006  0.0198 | 0.9099 0.9802 | 1.0000 1.0000 1.0000 1.0000 1.0000 nan
[09/10] fold 2 47.5s |  0.0005  0.0211 | 0.9021 0.9789 | 1.0000 1.0000 1.0000 1.0000 1.0000 nan
[10/10] fold 2 48.0s |  0.0013  0.0211 | 0.9037 0.9790 | 1.0000 1.0000 1.0000 1.0000 1.0000 nan
fold 3 - train_num=7668, test_num=1398
[01/10] fold 3 48.9s |  0.0017  0.0239 | 0.8773 0.9761 | 1.0000 1.0000 1.0000 1.0000 1.0000 nan
[02/10] fold 3 49.0s |  0.0014  0.0197 | 0.8853 0.9802 | 1.0000 1.0000 1.0000 1.0000 1.0000 nan
[03/10] fold 3 48.9s |  0.0008  0.0290 | 0.8650 0.9710 | 1.0000 1.0000 1.0000 1.0000 1.0000 nan
[04/10] fold 3 48.6s |  0.0008  0.0245 | 0.8753 0.9754 | 1.0000 1.0000 1.0000 1.0000 1.0000 nan
[05/10] fold 3 48.9s |  0.0008  0.0306 | 0.8611 0.9695 | 1.0000 1.0000 1.0000 1.0000 1.0000 nan
[06/10] fold 3 48.8s |  0.0007  0.0211 | 0.8831 0.9790 | 1.0000 1.0000 1.0000 1.0000 1.0000 nan
[07/10] fold 3 48.4s |  0.0003  0.0298 | 0.8617 0.9701 | 1.0000 1.0000 1.0000 1.0000 1.0000 nan
[08/10] fold 3 48.5s |  0.0016  0.0220 | 0.8822 0.9780 | 1.0000 1.0000 1.0000 1.0000 1.0000 nan
[09/10] fold 3 48.0s |  0.0007  0.0276 | 0.8668 0.9724 | 1.0000 1.0000 1.0000 1.0000 1.0000 nan
[10/10] fold 3 48.4s |  0.0018  0.0217 | 0.8833 0.9783 | 1.0000 1.0000 1.0000 1.0000 1.0000 nan
fold 4 - train_num=8148, test_num=918
[01/10] fold 4 49.3s |  0.0035  0.0019 | 0.9698 0.9981 | 1.0000 1.0000 1.0000 1.0000 1.0000 nan
[02/10] fold 4 49.3s |  0.0019  0.0014 | 0.9727 0.9986 | 1.0000 1.0000 1.0000 1.0000 1.0000 nan
[03/10] fold 4 49.1s |  0.0008  0.0011 | 0.9710 0.9989 | 1.0000 1.0000 1.0000 1.0000 1.0000 nan
[04/10] fold 4 48.8s |  0.0036  0.0011 | 0.9730 0.9988 | 1.0000 1.0000 1.0000 1.0000 1.0000 nan
[05/10] fold 4 48.8s |  0.0027  0.0020 | 0.9698 0.9980 | 1.0000 1.0000 1.0000 1.0000 1.0000 nan
[06/10] fold 4 48.9s |  0.0025  0.0013 | 0.9682 0.9987 | 1.0000 1.0000 1.0000 1.0000 1.0000 nan
[07/10] fold 4 48.8s |  0.0007  0.0016 | 0.9715 0.9984 | 1.0000 1.0000 1.0000 1.0000 1.0000 nan
[08/10] fold 4 49.2s |  0.0021  0.0035 | 0.9526 0.9965 | 1.0000 1.0000 1.0000 1.0000 1.0000 nan
[09/10] fold 4 49.0s |  0.0025  0.0010 | 0.9759 0.9990 | 1.0000 1.0000 1.0000 1.0000 1.0000 nan
[10/10] fold 4 48.8s |  0.0011  0.0021 | 0.9681 0.9979 | 1.0000 1.0000 1.0000 1.0000 1.0000 nan
fold 5 - train_num=7940, test_num=1126
[01/10] fold 5 49.0s |  0.0019  0.0009 | 0.9800 0.9992 | 1.0000 1.0000 1.0000 1.0000 1.0000 nan
[02/10] fold 5 48.5s |  0.0011  0.0016 | 0.9705 0.9984 | 1.0000 1.0000 1.0000 1.0000 1.0000 nan
[03/10] fold 5 48.7s |  0.0027  0.0050 | 0.9354 0.9950 | 1.0000 1.0000 1.0000 1.0000 1.0000 nan
[04/10] fold 5 48.5s |  0.0017  0.0016 | 0.9619 0.9984 | 1.0000 1.0000 1.0000 1.0000 1.0000 nan
[05/10] fold 5 48.2s |  0.0006  0.0012 | 0.9699 0.9988 | 1.0000 1.0000 1.0000 1.0000 1.0000 nan
[06/10] fold 5 48.4s |  0.0005  0.0030 | 0.9578 0.9970 | 1.0000 1.0000 1.0000 1.0000 1.0000 nan
[07/10] fold 5 48.4s |  0.0015  0.0017 | 0.9777 0.9983 | 1.0000 1.0000 1.0000 1.0000 1.0000 nan
[08/10] fold 5 48.5s |  0.0023  0.0013 | 0.9770 0.9987 | 1.0000 1.0000 1.0000 1.0000 1.0000 nan
[09/10] fold 5 48.2s |  0.0001  0.0026 | 0.9638 0.9975 | 1.0000 1.0000 1.0000 1.0000 1.0000 nan
[10/10] fold 5 48.3s |  0.0009  0.0014 | 0.9744 0.9986 | 1.0000 1.0000 1.0000 1.0000 1.0000 nan
                                   avg | 0.9414 0.9912 | 1.0000 1.0000 1.0000 1.0000 1.0000 nan
================================================================================
Configuration:
  TASK          : acq
  TRAIT         : E
  MODEL         : SBF_nlfc_IBF_nlfc_d_reg
  BATCH SIZE    : 32
  EPOCH         : 10
  LEARNING RATE : 1e-04, step=0.1/10

epoch   fold   time  | train_l  test_l |    acc     r2 |    acc  b_acc      p      r     f1    auc
fold 0 - train_num=6972, test_num=2094
[01/10] fold 0 46.9s |  0.0028  0.0129 | 0.8876 0.9871 | 1.0000 1.0000 1.0000 1.0000 1.0000 nan
[02/10] fold 0 47.1s |  0.0016  0.0154 | 0.8780 0.9846 | 1.0000 1.0000 1.0000 1.0000 1.0000 nan
[03/10] fold 0 47.2s |  0.0013  0.0130 | 0.8876 0.9870 | 1.0000 1.0000 1.0000 1.0000 1.0000 nan
[04/10] fold 0 47.0s |  0.0017  0.0250 | 0.8450 0.9750 | 1.0000 1.0000 1.0000 1.0000 1.0000 nan
[05/10] fold 0 47.3s |  0.0005  0.0188 | 0.8653 0.9812 | 1.0000 1.0000 1.0000 1.0000 1.0000 nan
[06/10] fold 0 47.0s |  0.0007  0.0148 | 0.8817 0.9852 | 1.0000 1.0000 1.0000 1.0000 1.0000 nan
[07/10] fold 0 47.5s |  0.0005  0.0232 | 0.8515 0.9768 | 1.0000 1.0000 1.0000 1.0000 1.0000 nan
[08/10] fold 0 47.6s |  0.0008  0.0070 | 0.9218 0.9930 | 1.0000 1.0000 1.0000 1.0000 1.0000 nan
[09/10] fold 0 46.8s |  0.0012  0.0097 | 0.9071 0.9904 | 1.0000 1.0000 1.0000 1.0000 1.0000 nan
[10/10] fold 0 46.6s |  0.0007  0.0146 | 0.8828 0.9854 | 1.0000 1.0000 1.0000 1.0000 1.0000 nan
fold 1 - train_num=7086, test_num=1980
[01/10] fold 1 47.6s |  0.0014  0.0058 | 0.9321 0.9942 | 1.0000 1.0000 1.0000 1.0000 1.0000 nan
[02/10] fold 1 47.4s |  0.0016  0.0048 | 0.9330 0.9952 | 1.0000 1.0000 1.0000 1.0000 1.0000 nan
[03/10] fold 1 47.5s |  0.0017  0.0042 | 0.9379 0.9958 | 1.0000 1.0000 1.0000 1.0000 1.0000 nan
[04/10] fold 1 47.2s |  0.0005  0.0046 | 0.9439 0.9954 | 1.0000 1.0000 1.0000 1.0000 1.0000 nan
[05/10] fold 1 47.2s |  0.0012  0.0063 | 0.9423 0.9937 | 1.0000 1.0000 1.0000 1.0000 1.0000 nan
[06/10] fold 1 47.3s |  0.0026  0.0083 | 0.9259 0.9917 | 0.9990 0.9990 0.5000 0.4995 0.4997 nan
[07/10] fold 1 47.1s |  0.0020  0.0049 | 0.9348 0.9951 | 1.0000 1.0000 1.0000 1.0000 1.0000 nan
[08/10] fold 1 47.5s |  0.0010  0.0039 | 0.9461 0.9961 | 1.0000 1.0000 1.0000 1.0000 1.0000 nan
[09/10] fold 1 47.5s |  0.0013  0.0079 | 0.9316 0.9921 | 1.0000 1.0000 1.0000 1.0000 1.0000 nan
[10/10] fold 1 47.4s |  0.0017  0.0080 | 0.9269 0.9920 | 0.9965 0.9965 0.5000 0.4982 0.4991 nan
fold 2 - train_num=7516, test_num=1550
[01/10] fold 2 47.6s |  0.0015  0.0318 | 0.8398 0.9682 | 0.4955 0.5000 0.2477 0.5000 0.3313 0.5000
[02/10] fold 2 47.5s |  0.0013  0.0364 | 0.8293 0.9636 | 0.4955 0.5000 0.2477 0.5000 0.3313 0.5000
[03/10] fold 2 47.5s |  0.0004  0.0253 | 0.8564 0.9747 | 0.4955 0.5000 0.2477 0.5000 0.3313 0.5000
[04/10] fold 2 47.4s |  0.0030  0.0460 | 0.8019 0.9539 | 0.4955 0.5000 0.2477 0.5000 0.3313 0.5000
[05/10] fold 2 47.4s |  0.0008  0.0422 | 0.8082 0.9579 | 0.4955 0.5000 0.2477 0.5000 0.3313 0.5000
[06/10] fold 2 47.4s |  0.0013  0.0180 | 0.8781 0.9820 | 0.4955 0.5000 0.2477 0.5000 0.3313 0.5000
[07/10] fold 2 47.1s |  0.0006  0.0277 | 0.8423 0.9723 | 0.4955 0.5000 0.2477 0.5000 0.3313 0.5000
[08/10] fold 2 48.8s |  0.0020  0.0371 | 0.8217 0.9630 | 0.4955 0.5000 0.2477 0.5000 0.3313 0.5000
[09/10] fold 2 49.3s |  0.0021  0.0201 | 0.8637 0.9799 | 0.4955 0.5000 0.2477 0.5000 0.3313 0.5000
[10/10] fold 2 50.0s |  0.0008  0.0454 | 0.7981 0.9546 | 0.4955 0.5000 0.2477 0.5000 0.3313 0.5000
fold 3 - train_num=7668, test_num=1398
[01/10] fold 3 49.7s |  0.0022  0.0444 | 0.7974 0.9556 | 0.7797 0.5000 0.3898 0.5000 0.4381 0.5000
[02/10] fold 3 49.1s |  0.0011  0.0506 | 0.7760 0.9494 | 0.7797 0.5000 0.3898 0.5000 0.4381 0.5000
[03/10] fold 3 49.0s |  0.0015  0.0434 | 0.7934 0.9566 | 0.7797 0.5000 0.3898 0.5000 0.4381 0.5000
[04/10] fold 3 49.5s |  0.0005  0.0424 | 0.7968 0.9576 | 0.7797 0.5000 0.3898 0.5000 0.4381 0.5000
[05/10] fold 3 50.1s |  0.0006  0.0381 | 0.8098 0.9619 | 0.7797 0.5000 0.3898 0.5000 0.4381 0.5000
[06/10] fold 3 48.7s |  0.0004  0.0445 | 0.7901 0.9555 | 0.7797 0.5000 0.3898 0.5000 0.4381 0.5000
[07/10] fold 3 48.2s |  0.0026  0.0431 | 0.7935 0.9569 | 0.7797 0.5000 0.3898 0.5000 0.4381 0.5000
[08/10] fold 3 48.0s |  0.0034  0.0420 | 0.7961 0.9580 | 0.7797 0.5000 0.3898 0.5000 0.4381 0.5000
[09/10] fold 3 48.1s |  0.0002  0.0409 | 0.7991 0.9592 | 0.7797 0.5000 0.3898 0.5000 0.4381 0.5000
[10/10] fold 3 48.4s |  0.0032  0.0407 | 0.7995 0.9593 | 0.7797 0.5000 0.3898 0.5000 0.4381 0.5000
fold 4 - train_num=8148, test_num=918
[01/10] fold 4 49.5s |  0.0041  0.0673 | 0.7627 0.9326 | 0.9967 0.9967 0.5000 0.4984 0.4992 nan
[02/10] fold 4 49.6s |  0.0018  0.0405 | 0.8154 0.9595 | 1.0000 1.0000 1.0000 1.0000 1.0000 nan
[03/10] fold 4 49.5s |  0.0014  0.0486 | 0.7967 0.9513 | 1.0000 1.0000 1.0000 1.0000 1.0000 nan
[04/10] fold 4 49.7s |  0.0034  0.0698 | 0.7604 0.9302 | 1.0000 1.0000 1.0000 1.0000 1.0000 nan
[05/10] fold 4 49.6s |  0.0014  0.0477 | 0.7969 0.9522 | 1.0000 1.0000 1.0000 1.0000 1.0000 nan
[06/10] fold 4 49.8s |  0.0011  0.0644 | 0.7703 0.9357 | 1.0000 1.0000 1.0000 1.0000 1.0000 nan
[07/10] fold 4 50.0s |  0.0007  0.0515 | 0.7884 0.9484 | 1.0000 1.0000 1.0000 1.0000 1.0000 nan
[08/10] fold 4 50.1s |  0.0009  0.0557 | 0.7830 0.9444 | 1.0000 1.0000 1.0000 1.0000 1.0000 nan
[09/10] fold 4 49.9s |  0.0006  0.0596 | 0.7746 0.9403 | 1.0000 1.0000 1.0000 1.0000 1.0000 nan
[10/10] fold 4 49.8s |  0.0008  0.0442 | 0.8037 0.9558 | 1.0000 1.0000 1.0000 1.0000 1.0000 nan
fold 5 - train_num=7940, test_num=1126
[01/10] fold 5 49.7s |  0.0142  0.0204 | 0.8723 0.9795 | 0.6163 0.5000 0.3082 0.5000 0.3813 0.5000
[02/10] fold 5 49.1s |  0.0123  0.0367 | 0.8378 0.9636 | 0.6163 0.5000 0.3082 0.5000 0.3813 0.5000
[03/10] fold 5 48.9s |  0.0008  0.0154 | 0.8970 0.9846 | 0.4867 0.3948 0.2796 0.3948 0.3274 0.3948
[04/10] fold 5 48.8s |  0.0071  0.0232 | 0.8654 0.9767 | 0.6163 0.5000 0.3082 0.5000 0.3813 0.5000
[05/10] fold 5 48.8s |  0.0097  0.0246 | 0.8616 0.9751 | 0.6163 0.5000 0.3082 0.5000 0.3813 0.5000
[06/10] fold 5 49.1s |  0.0031  0.0170 | 0.8837 0.9828 | 0.6146 0.4986 0.3078 0.4986 0.3806 0.4986
[07/10] fold 5 48.9s |  0.0004  0.0244 | 0.8611 0.9758 | 0.6163 0.5000 0.3082 0.5000 0.3813 0.5000
[08/10] fold 5 49.1s |  0.0004  0.0225 | 0.8655 0.9771 | 0.6163 0.5000 0.3082 0.5000 0.3813 0.5000
[09/10] fold 5 48.9s |  0.0041  0.0265 | 0.8575 0.9736 | 0.6163 0.5000 0.3082 0.5000 0.3813 0.5000
[10/10] fold 5 49.1s |  0.0101  0.0308 | 0.8474 0.9692 | 0.6163 0.5000 0.3082 0.5000 0.3813 0.5000
                                   avg | 0.8431 0.9694 | 0.8147 0.7494 0.5743 0.6664 0.6083 nan
================================================================================
Configuration:
  TASK          : acq
  TRAIT         : A
  MODEL         : SBF_nlfc_IBF_nlfc_d_reg
  BATCH SIZE    : 32
  EPOCH         : 10
  LEARNING RATE : 1e-04, step=0.1/10

epoch   fold   time  | train_l  test_l |    acc     r2 |    acc  b_acc      p      r     f1    auc
fold 0 - train_num=6972, test_num=2094
[01/10] fold 0 48.2s |  0.0034  0.0056 | 0.9341 0.9944 | 1.0000 1.0000 1.0000 1.0000 1.0000 nan
[02/10] fold 0 47.0s |  0.0010  0.0035 | 0.9496 0.9965 | 1.0000 1.0000 1.0000 1.0000 1.0000 nan
[03/10] fold 0 47.2s |  0.0027  0.0081 | 0.9180 0.9919 | 1.0000 1.0000 1.0000 1.0000 1.0000 nan
[04/10] fold 0 47.6s |  0.0016  0.0094 | 0.9121 0.9906 | 1.0000 1.0000 1.0000 1.0000 1.0000 nan
[05/10] fold 0 48.3s |  0.0008  0.0031 | 0.9549 0.9969 | 1.0000 1.0000 1.0000 1.0000 1.0000 nan
[06/10] fold 0 48.3s |  0.0008  0.0025 | 0.9520 0.9975 | 1.0000 1.0000 1.0000 1.0000 1.0000 nan
[07/10] fold 0 48.5s |  0.0014  0.0035 | 0.9489 0.9965 | 1.0000 1.0000 1.0000 1.0000 1.0000 nan
[08/10] fold 0 49.7s |  0.0017  0.0035 | 0.9453 0.9965 | 1.0000 1.0000 1.0000 1.0000 1.0000 nan
[09/10] fold 0 54.1s |  0.0009  0.0041 | 0.9419 0.9959 | 1.0000 1.0000 1.0000 1.0000 1.0000 nan
[10/10] fold 0 51.0s |  0.0028  0.0022 | 0.9561 0.9978 | 1.0000 1.0000 1.0000 1.0000 1.0000 nan
fold 1 - train_num=7086, test_num=1980
[01/10] fold 1 54.0s |  0.0021  0.0075 | 0.9266 0.9925 | 1.0000 1.0000 1.0000 1.0000 1.0000 nan
[02/10] fold 1 49.4s |  0.0012  0.0073 | 0.9281 0.9927 | 1.0000 1.0000 1.0000 1.0000 1.0000 nan
[03/10] fold 1 48.2s |  0.0009  0.0081 | 0.9251 0.9920 | 1.0000 1.0000 1.0000 1.0000 1.0000 nan
[04/10] fold 1 48.2s |  0.0009  0.0083 | 0.9236 0.9917 | 1.0000 1.0000 1.0000 1.0000 1.0000 nan
[05/10] fold 1 48.0s |  0.0007  0.0090 | 0.9194 0.9910 | 1.0000 1.0000 1.0000 1.0000 1.0000 nan
[06/10] fold 1 47.6s |  0.0012  0.0087 | 0.9215 0.9913 | 1.0000 1.0000 1.0000 1.0000 1.0000 nan
[07/10] fold 1 47.4s |  0.0007  0.0087 | 0.9226 0.9913 | 1.0000 1.0000 1.0000 1.0000 1.0000 nan
[08/10] fold 1 48.2s |  0.0045  0.0089 | 0.9188 0.9911 | 1.0000 1.0000 1.0000 1.0000 1.0000 nan
[09/10] fold 1 46.8s |  0.0009  0.0091 | 0.9212 0.9909 | 1.0000 1.0000 1.0000 1.0000 1.0000 nan
[10/10] fold 1 47.3s |  0.0008  0.0093 | 0.9195 0.9907 | 1.0000 1.0000 1.0000 1.0000 1.0000 nan
fold 2 - train_num=7516, test_num=1550
[01/10] fold 2 49.9s |  0.0028  0.0012 | 0.9677 0.9988 | 1.0000 1.0000 1.0000 1.0000 1.0000 nan
[02/10] fold 2 50.9s |  0.0018  0.0021 | 0.9582 0.9979 | 1.0000 1.0000 1.0000 1.0000 1.0000 nan
[03/10] fold 2 51.6s |  0.0008  0.0022 | 0.9550 0.9977 | 1.0000 1.0000 1.0000 1.0000 1.0000 nan
[04/10] fold 2 53.7s |  0.0007  0.0057 | 0.9343 0.9943 | 1.0000 1.0000 1.0000 1.0000 1.0000 nan
[05/10] fold 2 51.0s |  0.0007  0.0015 | 0.9660 0.9985 | 1.0000 1.0000 1.0000 1.0000 1.0000 nan
[06/10] fold 2 51.7s |  0.0007  0.0022 | 0.9672 0.9978 | 1.0000 1.0000 1.0000 1.0000 1.0000 nan
[07/10] fold 2 53.0s |  0.0007  0.0015 | 0.9704 0.9985 | 1.0000 1.0000 1.0000 1.0000 1.0000 nan
[08/10] fold 2 52.0s |  0.0009  0.0037 | 0.9473 0.9963 | 1.0000 1.0000 1.0000 1.0000 1.0000 nan
[09/10] fold 2 53.1s |  0.0009  0.0027 | 0.9534 0.9973 | 1.0000 1.0000 1.0000 1.0000 1.0000 nan
[10/10] fold 2 54.0s |  0.0006  0.0017 | 0.9680 0.9983 | 1.0000 1.0000 1.0000 1.0000 1.0000 nan
fold 3 - train_num=7668, test_num=1398
[01/10] fold 3 54.1s |  0.0031  0.0411 | 0.8757 0.9589 | 0.7797 0.5000 0.3898 0.5000 0.4381 0.5000
[02/10] fold 3 52.1s |  0.0010  0.0395 | 0.8868 0.9603 | 0.7797 0.5000 0.3898 0.5000 0.4381 0.5000
[03/10] fold 3 52.8s |  0.0012  0.0395 | 0.8875 0.9605 | 0.7797 0.5000 0.3898 0.5000 0.4381 0.5000
[04/10] fold 3 55.1s |  0.0033  0.0349 | 0.8890 0.9651 | 0.7797 0.5000 0.3898 0.5000 0.4381 0.5000
[05/10] fold 3 55.4s |  0.0012  0.0339 | 0.8916 0.9662 | 0.7797 0.5000 0.3898 0.5000 0.4381 0.5000
[06/10] fold 3 52.8s |  0.0004  0.0320 | 0.8965 0.9681 | 0.7797 0.5000 0.3898 0.5000 0.4381 0.5000
[07/10] fold 3 53.4s |  0.0006  0.0352 | 0.8891 0.9648 | 0.7797 0.5000 0.3898 0.5000 0.4381 0.5000
[08/10] fold 3 52.4s |  0.0007  0.0328 | 0.8903 0.9672 | 0.7797 0.5000 0.3898 0.5000 0.4381 0.5000
[09/10] fold 3 53.3s |  0.0007  0.0331 | 0.8979 0.9672 | 0.7797 0.5000 0.3898 0.5000 0.4381 0.5000
[10/10] fold 3 52.6s |  0.0007  0.0289 | 0.8913 0.9712 | 0.7797 0.5000 0.3898 0.5000 0.4381 0.5000
fold 4 - train_num=8148, test_num=918
[01/10] fold 4 53.6s |  0.0049  0.0096 | 0.9250 0.9904 | 1.0000 1.0000 1.0000 1.0000 1.0000 nan
[02/10] fold 4 54.0s |  0.0036  0.0104 | 0.9184 0.9896 | 1.0000 1.0000 1.0000 1.0000 1.0000 nan
[03/10] fold 4 53.1s |  0.0048  0.0110 | 0.9283 0.9890 | 1.0000 1.0000 1.0000 1.0000 1.0000 nan
[04/10] fold 4 54.3s |  0.0007  0.0107 | 0.9261 0.9892 | 1.0000 1.0000 1.0000 1.0000 1.0000 nan
[05/10] fold 4 51.3s |  0.0009  0.0102 | 0.9275 0.9898 | 1.0000 1.0000 1.0000 1.0000 1.0000 nan
[06/10] fold 4 51.7s |  0.0009  0.0102 | 0.9271 0.9898 | 1.0000 1.0000 1.0000 1.0000 1.0000 nan
[07/10] fold 4 51.3s |  0.0006  0.0100 | 0.9166 0.9900 | 1.0000 1.0000 1.0000 1.0000 1.0000 nan
[08/10] fold 4 52.4s |  0.0004  0.0103 | 0.9285 0.9897 | 1.0000 1.0000 1.0000 1.0000 1.0000 nan
[09/10] fold 4 53.1s |  0.0009  0.0097 | 0.9164 0.9903 | 1.0000 1.0000 1.0000 1.0000 1.0000 nan
[10/10] fold 4 53.0s |  0.0014  0.0094 | 0.9225 0.9906 | 1.0000 1.0000 1.0000 1.0000 1.0000 nan
fold 5 - train_num=7940, test_num=1126
[01/10] fold 5 57.0s |  0.0032  0.0101 | 0.9070 0.9900 | 1.0000 1.0000 1.0000 1.0000 1.0000 nan
[02/10] fold 5 53.6s |  0.0036  0.0082 | 0.9231 0.9919 | 1.0000 1.0000 1.0000 1.0000 1.0000 nan
[03/10] fold 5 53.6s |  0.0056  0.0090 | 0.9311 0.9909 | 1.0000 1.0000 1.0000 1.0000 1.0000 nan
[04/10] fold 5 52.5s |  0.0082  0.0077 | 0.9381 0.9925 | 1.0000 1.0000 1.0000 1.0000 1.0000 nan
[05/10] fold 5 53.3s |  0.0026  0.0089 | 0.9244 0.9913 | 1.0000 1.0000 1.0000 1.0000 1.0000 nan
[06/10] fold 5 52.5s |  0.0014  0.0128 | 0.8920 0.9873 | 1.0000 1.0000 1.0000 1.0000 1.0000 nan
[07/10] fold 5 50.6s |  0.0013  0.0100 | 0.9134 0.9898 | 1.0000 1.0000 1.0000 1.0000 1.0000 nan
[08/10] fold 5 51.8s |  0.0001  0.0083 | 0.9424 0.9917 | 1.0000 1.0000 1.0000 1.0000 1.0000 nan
[09/10] fold 5 51.9s |  0.0007  0.0085 | 0.9482 0.9915 | 0.9982 0.9982 0.5000 0.4991 0.4996 nan
[10/10] fold 5 51.9s |  0.0003  0.0076 | 0.9307 0.9925 | 1.0000 1.0000 1.0000 1.0000 1.0000 nan
                                   avg | 0.9314 0.9902 | 0.9633 0.9167 0.8983 0.9167 0.9064 nan
================================================================================
Configuration:
  TASK          : acq
  TRAIT         : N
  MODEL         : SBF_nlfc_IBF_nlfc_d_reg
  BATCH SIZE    : 32
  EPOCH         : 10
  LEARNING RATE : 1e-04, step=0.1/10

epoch   fold   time  | train_l  test_l |    acc     r2 |    acc  b_acc      p      r     f1    auc
fold 0 - train_num=6972, test_num=2094
[01/10] fold 0 51.7s |  0.0018  0.0052 | 0.9483 0.9948 | 1.0000 1.0000 1.0000 1.0000 1.0000 nan
[02/10] fold 0 51.7s |  0.0020  0.0076 | 0.9283 0.9924 | 1.0000 1.0000 1.0000 1.0000 1.0000 nan
[03/10] fold 0 50.8s |  0.0003  0.0048 | 0.9467 0.9951 | 1.0000 1.0000 1.0000 1.0000 1.0000 nan
[04/10] fold 0 49.3s |  0.0021  0.0050 | 0.9498 0.9951 | 1.0000 1.0000 1.0000 1.0000 1.0000 nan
[05/10] fold 0 49.2s |  0.0005  0.0039 | 0.9597 0.9961 | 1.0000 1.0000 1.0000 1.0000 1.0000 nan
[06/10] fold 0 48.1s |  0.0003  0.0074 | 0.9359 0.9926 | 1.0000 1.0000 1.0000 1.0000 1.0000 nan
[07/10] fold 0 48.4s |  0.0004  0.0061 | 0.9425 0.9939 | 1.0000 1.0000 1.0000 1.0000 1.0000 nan
[08/10] fold 0 51.8s |  0.0004  0.0053 | 0.9528 0.9948 | 1.0000 1.0000 1.0000 1.0000 1.0000 nan
[09/10] fold 0 51.3s |  0.0006  0.0071 | 0.9370 0.9929 | 1.0000 1.0000 1.0000 1.0000 1.0000 nan
[10/10] fold 0 51.1s |  0.0001  0.0055 | 0.9473 0.9945 | 1.0000 1.0000 1.0000 1.0000 1.0000 nan
fold 1 - train_num=7086, test_num=1980
[01/10] fold 1 52.9s |  0.0017  0.0091 | 0.9190 0.9909 | 1.0000 1.0000 1.0000 1.0000 1.0000 nan
[02/10] fold 1 52.9s |  0.0015  0.0036 | 0.9430 0.9964 | 1.0000 1.0000 1.0000 1.0000 1.0000 nan
[03/10] fold 1 54.6s |  0.0012  0.0077 | 0.9225 0.9923 | 1.0000 1.0000 1.0000 1.0000 1.0000 nan
[04/10] fold 1 51.0s |  0.0011  0.0075 | 0.9267 0.9925 | 1.0000 1.0000 1.0000 1.0000 1.0000 nan
[05/10] fold 1 51.5s |  0.0004  0.0050 | 0.9345 0.9950 | 1.0000 1.0000 1.0000 1.0000 1.0000 nan
[06/10] fold 1 50.4s |  0.0006  0.0047 | 0.9365 0.9953 | 1.0000 1.0000 1.0000 1.0000 1.0000 nan
[07/10] fold 1 52.2s |  0.0008  0.0046 | 0.9358 0.9954 | 1.0000 1.0000 1.0000 1.0000 1.0000 nan
[08/10] fold 1 49.1s |  0.0015  0.0066 | 0.9297 0.9934 | 1.0000 1.0000 1.0000 1.0000 1.0000 nan
[09/10] fold 1 51.6s |  0.0008  0.0065 | 0.9291 0.9935 | 1.0000 1.0000 1.0000 1.0000 1.0000 nan
[10/10] fold 1 53.7s |  0.0009  0.0042 | 0.9373 0.9958 | 1.0000 1.0000 1.0000 1.0000 1.0000 nan
fold 2 - train_num=7516, test_num=1550
[01/10] fold 2 54.1s |  0.0024  0.0075 | 0.9231 0.9925 | 1.0000 1.0000 1.0000 1.0000 1.0000 nan
[02/10] fold 2 55.0s |  0.0015  0.0079 | 0.9186 0.9921 | 1.0000 1.0000 1.0000 1.0000 1.0000 nan
[03/10] fold 2 52.4s |  0.0005  0.0092 | 0.9116 0.9908 | 1.0000 1.0000 1.0000 1.0000 1.0000 nan
[04/10] fold 2 51.6s |  0.0002  0.0068 | 0.9281 0.9932 | 1.0000 1.0000 1.0000 1.0000 1.0000 nan
[05/10] fold 2 51.5s |  0.0002  0.0088 | 0.9125 0.9912 | 1.0000 1.0000 1.0000 1.0000 1.0000 nan
[06/10] fold 2 51.6s |  0.0005  0.0081 | 0.9165 0.9919 | 1.0000 1.0000 1.0000 1.0000 1.0000 nan
[07/10] fold 2 52.8s |  0.0004  0.0079 | 0.9176 0.9921 | 1.0000 1.0000 1.0000 1.0000 1.0000 nan
[08/10] fold 2 52.3s |  0.0002  0.0065 | 0.9261 0.9935 | 1.0000 1.0000 1.0000 1.0000 1.0000 nan
[09/10] fold 2 51.2s |  0.0008  0.0070 | 0.9222 0.9930 | 1.0000 1.0000 1.0000 1.0000 1.0000 nan
[10/10] fold 2 51.1s |  0.0003  0.0065 | 0.9259 0.9935 | 1.0000 1.0000 1.0000 1.0000 1.0000 nan
fold 3 - train_num=7668, test_num=1398
[01/10] fold 3 52.3s |  0.0010  0.0081 | 0.9313 0.9919 | 1.0000 1.0000 1.0000 1.0000 1.0000 nan
[02/10] fold 3 52.3s |  0.0002  0.0069 | 0.9358 0.9931 | 1.0000 1.0000 1.0000 1.0000 1.0000 nan
[03/10] fold 3 52.3s |  0.0005  0.0055 | 0.9381 0.9945 | 1.0000 1.0000 1.0000 1.0000 1.0000 nan
[04/10] fold 3 51.6s |  0.0005  0.0070 | 0.9360 0.9930 | 1.0000 1.0000 1.0000 1.0000 1.0000 nan
[05/10] fold 3 51.4s |  0.0003  0.0059 | 0.9390 0.9941 | 1.0000 1.0000 1.0000 1.0000 1.0000 nan
[06/10] fold 3 51.4s |  0.0001  0.0064 | 0.9368 0.9936 | 1.0000 1.0000 1.0000 1.0000 1.0000 nan
[07/10] fold 3 52.0s |  0.0011  0.0068 | 0.9380 0.9932 | 1.0000 1.0000 1.0000 1.0000 1.0000 nan
[08/10] fold 3 52.3s |  0.0017  0.0091 | 0.9271 0.9909 | 1.0000 1.0000 1.0000 1.0000 1.0000 nan
[09/10] fold 3 52.8s |  0.0009  0.0057 | 0.9402 0.9943 | 1.0000 1.0000 1.0000 1.0000 1.0000 nan
[10/10] fold 3 53.0s |  0.0003  0.0062 | 0.9402 0.9938 | 1.0000 1.0000 1.0000 1.0000 1.0000 nan
fold 4 - train_num=8148, test_num=918
[01/10] fold 4 54.8s |  0.0012  0.0046 | 0.9529 0.9954 | 1.0000 1.0000 1.0000 1.0000 1.0000 nan
[02/10] fold 4 53.0s |  0.0008  0.0044 | 0.9532 0.9956 | 1.0000 1.0000 1.0000 1.0000 1.0000 nan
[03/10] fold 4 51.8s |  0.0003  0.0047 | 0.9514 0.9953 | 1.0000 1.0000 1.0000 1.0000 1.0000 nan
[04/10] fold 4 51.0s |  0.0003  0.0069 | 0.9381 0.9931 | 1.0000 1.0000 1.0000 1.0000 1.0000 nan
[05/10] fold 4 51.5s |  0.0037  0.0039 | 0.9576 0.9961 | 1.0000 1.0000 1.0000 1.0000 1.0000 nan
[06/10] fold 4 50.4s |  0.0008  0.0037 | 0.9584 0.9963 | 1.0000 1.0000 1.0000 1.0000 1.0000 nan
[07/10] fold 4 50.7s |  0.0020  0.0034 | 0.9551 0.9966 | 1.0000 1.0000 1.0000 1.0000 1.0000 nan
[08/10] fold 4 50.3s |  0.0003  0.0040 | 0.9569 0.9960 | 1.0000 1.0000 1.0000 1.0000 1.0000 nan
[09/10] fold 4 50.5s |  0.0005  0.0038 | 0.9583 0.9962 | 1.0000 1.0000 1.0000 1.0000 1.0000 nan
[10/10] fold 4 51.5s |  0.0003  0.0045 | 0.9517 0.9955 | 1.0000 1.0000 1.0000 1.0000 1.0000 nan
fold 5 - train_num=7940, test_num=1126
[01/10] fold 5 54.7s |  0.0016  0.0062 | 0.9445 0.9936 | 0.9121 0.5000 0.4560 0.5000 0.4770 0.5000
[02/10] fold 5 53.8s |  0.0001  0.0058 | 0.9502 0.9942 | 0.9121 0.5000 0.4560 0.5000 0.4770 0.5000
[03/10] fold 5 53.4s |  0.0036  0.0063 | 0.9452 0.9935 | 0.9121 0.5000 0.4560 0.5000 0.4770 0.5000
[04/10] fold 5 50.8s |  0.0001  0.0062 | 0.9514 0.9940 | 0.9121 0.5000 0.4560 0.5000 0.4770 0.5000
[05/10] fold 5 51.9s |  0.0005  0.0120 | 0.9103 0.9883 | 0.9059 0.4966 0.4558 0.4966 0.4753 0.4966
[06/10] fold 5 53.0s |  0.0007  0.0068 | 0.9451 0.9933 | 0.9121 0.5000 0.4560 0.5000 0.4770 0.5000
[07/10] fold 5 51.0s |  0.0018  0.0073 | 0.9399 0.9927 | 0.9121 0.5000 0.4560 0.5000 0.4770 0.5000
[08/10] fold 5 51.3s |  0.0010  0.0070 | 0.9468 0.9929 | 0.9121 0.5000 0.4560 0.5000 0.4770 0.5000
[09/10] fold 5 51.1s |  0.0003  0.0076 | 0.9391 0.9922 | 0.9121 0.5000 0.4560 0.5000 0.4770 0.5000
[10/10] fold 5 49.6s |  0.0008  0.0067 | 0.9533 0.9934 | 0.9121 0.5000 0.4560 0.5000 0.4770 0.5000
                                   avg | 0.9426 0.9944 | 0.9853 0.9167 0.9093 0.9167 0.9128 nan
