================================================================================
Configuration:
  TASK          : self
  TRAIT         : O
  BATCH SIZE    : 16
  EPOCH         : 1
fold 0 | 0.9522 0.9970 | 0.6266 0.5000 0.3133 0.5000 0.3852 0.5000
fold 1 | 0.9769 0.9993 | 1.0000 1.0000 1.0000 1.0000 1.0000 nan
fold 2 | 0.8885 0.9853 | 0.5045 0.5000 0.2523 0.5000 0.3353 0.5000
fold 3 | 0.9379 0.9943 | 0.8705 0.5000 0.4353 0.5000 0.4654 0.5000
fold 4 | 0.8831 0.9847 | 0.4956 0.5000 0.2478 0.5000 0.3314 0.5000
fold 5 | 0.8118 0.9597 | 0.6039 0.5000 0.3020 0.5000 0.3765 0.5000
   avg | 0.9084 0.9867 | 0.6835 0.5833 0.4251 0.5833 0.4823 nan
================================================================================
Configuration:
  TASK          : self
  TRAIT         : C
  BATCH SIZE    : 16
  EPOCH         : 1
fold 0 | 0.9345 0.9957 | 1.0000 1.0000 1.0000 1.0000 1.0000 nan
fold 1 | 0.8160 0.9438 | 1.0000 1.0000 1.0000 1.0000 1.0000 nan
fold 2 | 0.8979 0.9834 | 0.7206 0.5000 0.3603 0.5000 0.4188 0.5000
fold 3 | 0.8601 0.9772 | 0.8705 0.5000 0.4353 0.5000 0.4654 0.5000
fold 4 | 0.8153 0.9619 | 0.4956 0.5000 0.2478 0.5000 0.3314 0.5000
fold 5 | 0.9257 0.9930 | 1.0000 1.0000 1.0000 1.0000 1.0000 nan
   avg | 0.8749 0.9758 | 0.8478 0.7500 0.6739 0.7500 0.7026 nan
================================================================================
Configuration:
  TASK          : self
  TRAIT         : E
  BATCH SIZE    : 16
  EPOCH         : 1
fold 0 | 0.7938 0.9007 | 0.5793 0.5000 0.2896 0.5000 0.3668 0.5000
fold 1 | 0.8633 0.9708 | 1.0000 1.0000 1.0000 1.0000 1.0000 nan
fold 2 | 0.7531 0.9291 | 0.8013 0.5000 0.4006 0.5000 0.4448 0.5000
fold 3 | 0.7823 0.9197 | 0.4607 0.5000 0.2303 0.5000 0.3154 0.5000
fold 4 | 0.9089 0.9906 | 1.0000 1.0000 1.0000 1.0000 1.0000 nan
fold 5 | 0.8509 0.9745 | 1.0000 1.0000 1.0000 1.0000 1.0000 nan
   avg | 0.8254 0.9476 | 0.8069 0.7500 0.6534 0.7500 0.6878 nan
================================================================================
Configuration:
  TASK          : self
  TRAIT         : A
  BATCH SIZE    : 16
  EPOCH         : 1
fold 0 | 0.8079 0.9283 | 0.6266 0.5000 0.3133 0.5000 0.3852 0.5000
fold 1 | 0.8791 0.9762 | 1.0000 1.0000 1.0000 1.0000 1.0000 nan
fold 2 | 0.8494 0.9686 | 1.0000 1.0000 1.0000 1.0000 1.0000 nan
fold 3 | 0.9012 0.9875 | 1.0000 1.0000 1.0000 1.0000 1.0000 nan
fold 4 | 0.8981 0.9889 | 1.0000 1.0000 1.0000 1.0000 1.0000 nan
fold 5 | 0.8101 0.9595 | 1.0000 1.0000 1.0000 1.0000 1.0000 nan
   avg | 0.8576 0.9682 | 0.9378 0.9167 0.8855 0.9167 0.8975 nan
================================================================================
Configuration:
  TASK          : self
  TRAIT         : N
  BATCH SIZE    : 16
  EPOCH         : 1
fold 0 | 0.8091 0.9254 | 0.5793 0.5000 0.2896 0.5000 0.3668 0.5000
fold 1 | 0.8442 0.9616 | 1.0000 1.0000 1.0000 1.0000 1.0000 nan
fold 2 | 0.8322 0.9557 | 1.0000 1.0000 1.0000 1.0000 1.0000 nan
fold 3 | 0.8005 0.9310 | 0.6810 0.5000 0.3405 0.5000 0.4051 0.5000
fold 4 | 0.9233 0.9902 | 1.0000 1.0000 1.0000 1.0000 1.0000 nan
fold 5 | 0.7947 0.9477 | 0.3837 0.5000 0.1918 0.5000 0.2773 0.5000
   avg | 0.8340 0.9519 | 0.7740 0.7500 0.6370 0.7500 0.6749 nan
