================================================================================
Configuration:
  TASK          : acq
  TRAIT         : O
  BATCH SIZE    : 16
  EPOCH         : 1
fold 0 | 0.7464 0.9141 | 0.4742 0.4758 0.4764 0.4758 0.4720 0.4758
fold 1 | 0.7462 0.9129 | 0.5242 0.5223 0.5212 0.5223 0.5165 0.5223
fold 2 | 0.7367 0.9056 | 0.4813 0.4812 0.4812 0.4812 0.4812 0.4812
fold 3 | 0.7396 0.9057 | 0.5107 0.5107 0.5000 0.2554 0.3381 nan
fold 4 | 0.7185 0.8887 | 0.4760 0.4760 0.5000 0.2380 0.3225 nan
fold 5 | 0.7449 0.9134 | 0.5142 0.5107 0.5101 0.5107 0.5053 0.5107
   avg | 0.7387 0.9067 | 0.4968 0.4961 0.4981 0.4139 0.4393 nan
================================================================================
Configuration:
  TASK          : acq
  TRAIT         : C
  BATCH SIZE    : 16
  EPOCH         : 1
fold 0 | 0.6990 0.8670 | 0.4981 0.4981 0.5000 0.2490 0.3325 nan
fold 1 | 0.6582 0.8275 | 0.4879 0.4879 0.5000 0.2439 0.3279 nan
fold 2 | 0.7017 0.8690 | 0.4961 0.4961 0.5000 0.2481 0.3316 nan
fold 3 | 0.6655 0.8304 | 0.5072 0.5072 0.5000 0.2536 0.3365 nan
fold 4 | 0.7061 0.8743 | 0.5054 0.5054 0.5000 0.2527 0.3357 nan
fold 5 | 0.7011 0.8681 | 0.5009 0.5009 0.5000 0.2504 0.3337 nan
   avg | 0.6886 0.8560 | 0.4993 0.4993 0.5000 0.2496 0.3330 nan
================================================================================
Configuration:
  TASK          : acq
  TRAIT         : E
  BATCH SIZE    : 16
  EPOCH         : 1
fold 0 | 0.7265 0.8950 | 0.4943 0.4943 0.5000 0.2471 0.3308 nan
fold 1 | 0.7147 0.8814 | 0.5020 0.5020 0.5000 0.2510 0.3342 nan
fold 2 | 0.7394 0.9072 | 0.5006 0.5005 0.5005 0.5005 0.5005 0.5005
fold 3 | 0.6701 0.8363 | 0.4778 0.4660 0.4766 0.4660 0.4328 0.4660
fold 4 | 0.6388 0.8074 | 0.4869 0.4869 0.5000 0.2435 0.3275 nan
fold 5 | 0.7491 0.9117 | 0.5089 0.5028 0.5027 0.5028 0.4986 0.5028
   avg | 0.7065 0.8732 | 0.4951 0.4921 0.4966 0.3685 0.4041 nan
================================================================================
Configuration:
  TASK          : acq
  TRAIT         : A
  BATCH SIZE    : 16
  EPOCH         : 1
fold 0 | 0.6890 0.8560 | 0.4904 0.4904 0.5000 0.2452 0.3291 nan
fold 1 | 0.6934 0.8627 | 0.5066 0.5066 0.5000 0.2533 0.3362 nan
fold 2 | 0.7156 0.8842 | 0.4961 0.4961 0.5000 0.2481 0.3316 nan
fold 3 | 0.7038 0.8710 | 0.5064 0.5228 0.5157 0.5228 0.4697 0.5228
fold 4 | 0.7020 0.8698 | 0.5131 0.5131 0.5000 0.2565 0.3391 nan
fold 5 | 0.7195 0.8856 | 0.4973 0.4973 0.5000 0.2487 0.3321 nan
   avg | 0.7039 0.8716 | 0.5017 0.5044 0.5026 0.2958 0.3563 nan
================================================================================
Configuration:
  TASK          : acq
  TRAIT         : N
  BATCH SIZE    : 16
  EPOCH         : 1
fold 0 | 0.7397 0.9070 | 0.5053 0.5053 0.5000 0.2526 0.3357 nan
fold 1 | 0.7376 0.9051 | 0.5071 0.5071 0.5000 0.2535 0.3365 nan
fold 2 | 0.7029 0.8709 | 0.4877 0.4877 0.5000 0.2439 0.3278 nan
fold 3 | 0.7076 0.8747 | 0.4907 0.4907 0.5000 0.2454 0.3292 nan
fold 4 | 0.7241 0.8889 | 0.5196 0.5196 0.5000 0.2598 0.3419 nan
fold 5 | 0.7088 0.8783 | 0.4778 0.4764 0.4924 0.4764 0.3817 0.4764
   avg | 0.7201 0.8875 | 0.4980 0.4978 0.4987 0.2886 0.3421 nan
