================================================================================
Configuration:
  TASK          : self
  TRAIT         : O
  BATCH SIZE    : 16
  EPOCH         : 1
fold 0 | 0.7511 0.9161 | 0.5186 0.5211 0.5197 0.5211 0.5113 0.5211
fold 1 | 0.7445 0.9136 | 0.4813 0.4813 0.5000 0.2407 0.3249 nan
fold 2 | 0.7353 0.9011 | 0.5058 0.5058 0.5058 0.5058 0.5058 0.5058
fold 3 | 0.7501 0.9147 | 0.5079 0.5198 0.5089 0.5198 0.4302 0.5198
fold 4 | 0.7283 0.8971 | 0.4651 0.4651 0.4651 0.4651 0.4651 0.4651
fold 5 | 0.7130 0.8801 | 0.5027 0.5003 0.5003 0.5003 0.4959 0.5003
   avg | 0.7370 0.9038 | 0.4969 0.4989 0.5000 0.4588 0.4556 nan
================================================================================
Configuration:
  TASK          : self
  TRAIT         : C
  BATCH SIZE    : 16
  EPOCH         : 1
fold 0 | 0.7352 0.9017 | 0.4928 0.4928 0.5000 0.2464 0.3301 nan
fold 1 | 0.6311 0.8002 | 0.5005 0.5005 0.5000 0.2503 0.3336 nan
fold 2 | 0.7264 0.8906 | 0.5097 0.5085 0.5068 0.5085 0.4830 0.5085
fold 3 | 0.6949 0.8624 | 0.4950 0.5124 0.5056 0.5124 0.4216 0.5124
fold 4 | 0.7383 0.9090 | 0.5065 0.5065 0.5065 0.5065 0.5065 0.5065
fold 5 | 0.7006 0.8675 | 0.4947 0.4947 0.5000 0.2473 0.3310 nan
   avg | 0.7044 0.8719 | 0.4999 0.5026 0.5032 0.3786 0.4010 nan
================================================================================
Configuration:
  TASK          : self
  TRAIT         : E
  BATCH SIZE    : 16
  EPOCH         : 1
fold 0 | 0.6925 0.8591 | 0.5010 0.5034 0.5033 0.5034 0.4989 0.5034
fold 1 | 0.6899 0.8551 | 0.5051 0.5051 0.5000 0.2525 0.3356 nan
fold 2 | 0.6274 0.7938 | 0.4948 0.4968 0.4979 0.4968 0.4463 0.4968
fold 3 | 0.6880 0.8566 | 0.4943 0.4934 0.4935 0.4934 0.4930 0.4934
fold 4 | 0.7097 0.8776 | 0.4891 0.4891 0.5000 0.2446 0.3285 nan
fold 5 | 0.7056 0.8702 | 0.5009 0.5009 0.5000 0.2504 0.3337 nan
   avg | 0.6855 0.8521 | 0.4975 0.4981 0.4991 0.3735 0.4060 nan
================================================================================
Configuration:
  TASK          : self
  TRAIT         : A
  BATCH SIZE    : 16
  EPOCH         : 1
fold 0 | 0.7169 0.8833 | 0.5081 0.5075 0.5070 0.5075 0.4995 0.5075
fold 1 | 0.6928 0.8572 | 0.5066 0.5066 0.5000 0.2533 0.3362 nan
fold 2 | 0.6693 0.8359 | 0.4961 0.4961 0.5000 0.2481 0.3316 nan
fold 3 | 0.6989 0.8688 | 0.4814 0.4814 0.5000 0.2407 0.3250 nan
fold 4 | 0.7330 0.8977 | 0.4793 0.4793 0.5000 0.2397 0.3240 nan
fold 5 | 0.6362 0.8014 | 0.5053 0.5053 0.5000 0.2527 0.3357 nan
   avg | 0.6912 0.8574 | 0.4961 0.4960 0.5012 0.2903 0.3587 nan
================================================================================
Configuration:
  TASK          : self
  TRAIT         : N
  BATCH SIZE    : 16
  EPOCH         : 1
fold 0 | 0.7065 0.8749 | 0.4828 0.4846 0.4850 0.4846 0.4806 0.4846
fold 1 | 0.6911 0.8554 | 0.5015 0.5015 0.5000 0.2508 0.3340 nan
fold 2 | 0.6733 0.8422 | 0.4871 0.4871 0.5000 0.2435 0.3275 nan
fold 3 | 0.6818 0.8477 | 0.5036 0.5044 0.5038 0.5044 0.4869 0.5044
fold 4 | 0.7240 0.8896 | 0.5087 0.5087 0.5000 0.2544 0.3372 nan
fold 5 | 0.7135 0.8802 | 0.5000 0.5066 0.5062 0.5066 0.4959 0.5066
   avg | 0.6984 0.8650 | 0.4973 0.4988 0.4992 0.3740 0.4104 nan
