================================================================================
Configuration:
  TASK          : acq
  TRAIT         : O
  BATCH SIZE    : 16
  EPOCH         : 1
fold 0 | 0.7484 0.9152 | 0.4895 0.4860 0.4864 0.4860 0.4845 0.4860
fold 1 | 0.7468 0.9130 | 0.4859 0.4847 0.4855 0.4847 0.4791 0.4847
fold 2 | 0.7423 0.9101 | 0.4974 0.4976 0.4976 0.4976 0.4974 0.4976
fold 3 | 0.7365 0.9048 | 0.4921 0.4921 0.5000 0.2461 0.3298 nan
fold 4 | 0.7318 0.8974 | 0.5011 0.5011 0.5000 0.2505 0.3338 nan
fold 5 | 0.7466 0.9148 | 0.5204 0.5192 0.5182 0.5192 0.5127 0.5192
   avg | 0.7421 0.9092 | 0.4977 0.4968 0.4979 0.4140 0.4395 nan
================================================================================
Configuration:
  TASK          : acq
  TRAIT         : C
  BATCH SIZE    : 16
  EPOCH         : 1
fold 0 | 0.6992 0.8659 | 0.4971 0.4971 0.5000 0.2486 0.3321 nan
fold 1 | 0.6591 0.8276 | 0.4955 0.4955 0.5000 0.2477 0.3313 nan
fold 2 | 0.6979 0.8667 | 0.4890 0.4890 0.5000 0.2445 0.3284 nan
fold 3 | 0.6608 0.8275 | 0.5014 0.5014 0.5000 0.2507 0.3340 nan
fold 4 | 0.7123 0.8777 | 0.5076 0.5076 0.5000 0.2538 0.3367 nan
fold 5 | 0.6935 0.8622 | 0.4920 0.4920 0.5000 0.2460 0.3298 nan
   avg | 0.6872 0.8546 | 0.4971 0.4971 0.5000 0.2486 0.3320 nan
================================================================================
Configuration:
  TASK          : acq
  TRAIT         : E
  BATCH SIZE    : 16
  EPOCH         : 1
fold 0 | 0.7324 0.8978 | 0.5239 0.5239 0.5000 0.2619 0.3438 nan
fold 1 | 0.7046 0.8746 | 0.4722 0.4722 0.5000 0.2361 0.3208 nan
fold 2 | 0.7406 0.9083 | 0.4929 0.4930 0.4930 0.4930 0.4929 0.4930
fold 3 | 0.6752 0.8409 | 0.4936 0.5029 0.5020 0.5029 0.4554 0.5029
fold 4 | 0.6438 0.8077 | 0.5000 0.5000 0.5000 0.2500 0.3333 nan
fold 5 | 0.7381 0.9074 | 0.4920 0.4948 0.4951 0.4948 0.4866 0.4948
   avg | 0.7058 0.8728 | 0.4958 0.4978 0.4983 0.3731 0.4055 nan
================================================================================
Configuration:
  TASK          : acq
  TRAIT         : A
  BATCH SIZE    : 16
  EPOCH         : 1
fold 0 | 0.6882 0.8557 | 0.5024 0.5024 0.5000 0.2512 0.3344 nan
fold 1 | 0.6956 0.8597 | 0.5091 0.5091 0.5000 0.2545 0.3373 nan
fold 2 | 0.7220 0.8887 | 0.4897 0.4897 0.5000 0.2448 0.3287 nan
fold 3 | 0.7103 0.8759 | 0.5186 0.5084 0.5058 0.5084 0.4701 0.5084
fold 4 | 0.6828 0.8507 | 0.4946 0.4946 0.5000 0.2473 0.3309 nan
fold 5 | 0.7088 0.8793 | 0.4751 0.4751 0.5000 0.2376 0.3221 nan
   avg | 0.7013 0.8683 | 0.4982 0.4965 0.5010 0.2906 0.3539 nan
================================================================================
Configuration:
  TASK          : acq
  TRAIT         : N
  BATCH SIZE    : 16
  EPOCH         : 1
fold 0 | 0.7434 0.9096 | 0.5048 0.5048 0.5000 0.2524 0.3354 nan
fold 1 | 0.7332 0.9031 | 0.4894 0.4894 0.5000 0.2447 0.3286 nan
fold 2 | 0.7128 0.8775 | 0.5110 0.5110 0.5000 0.2555 0.3382 nan
fold 3 | 0.7049 0.8722 | 0.5007 0.5007 0.5000 0.2504 0.3337 nan
fold 4 | 0.7155 0.8836 | 0.4913 0.4913 0.5000 0.2456 0.3294 nan
fold 5 | 0.7254 0.8899 | 0.5044 0.5002 0.5000 0.5002 0.3999 0.5002
   avg | 0.7225 0.8893 | 0.5003 0.4995 0.5000 0.2915 0.3442 nan
